 0420260418000000000010004X000000000001                         000               00                              +0000000000000       2025121800000   00000                                                  000001a7aa89e0000001                                                                          
 0420260418000000000020004X000000000002                         000               00                              +0000000000000       2025121800000   00000                                                  000001a7aa89e0000002                                                                          
 0420260418000000000030004X000000000003                         000               00                              +0000000000000       2025121800000   00000                                                  000001a7aa89e0000003                                                                          
 0420260418000000000040004X000000000004                         000               00                              +0000000000000       2025121800000   00000                                                  000001a7aa89e0000004                                                                          
 0420260418000000000050004X000000000005                         000               00                              +0000000000000       2025121800000   00000                                                  000001a7aa89e0000005                                                                          
 0420260418000000000060004X000000000006                         000               00                              +0000000000000       2025121800000   00000                                                  000001a7aa89e0000006                                                                          
 0420260418000000000070004X000000000007                         000               00                              +0000000000000       2025121800000   00000                                                  000001a7aa89e0000007                                                                          
 0420260418000000000080004X000000000008                         000               00                              +0000000000000       2025121800000   00000                                                  000001a7aa89e0000008                                                                          
 0420260418000000000090004X000000000009                         000               00                              +0000000000000       2025121800000   00000                                                  000001a7aa89e0000009                                                                          
 0420260418000000000100004X0000000000010                        000               00                              +0000000000000       2025121800000   00000                                                  000001a7aa89e0000010                                                                          
 0420260418000000000110004X0000000000011                        000               00                              +0000000000000       2025121800000   00000                                                  000001a7aa89e0000011                                                                          
 0420260418000000000120004X0000000000012                        000               00                              +0000000000000       2025121800000   00000                                                  000001a7aa89e0000012                                                                          
 0420260418000000000130004X0000000000013                        000               00                              +0000000000000       2025121800000   00000                                                  000001a7aa89e0000013                                                                          
 0420260418000000000140004X0000000000014                        000               00                              +0000000000000       2025121800000   00000                                                  000001a7aa89e0000014                                                                          
 0420260418000000000150004X0000000000015                        000               00                              +0000000000000       2025121800000   00000                                                  000001a7aa89e0000015                                                                          
 0420260418000000000160004X0000000000016                        000               00                              +0000000000000       2025121800000   00000                                                  000001a7aa89e0000016                                                                          
 0420260418000000000170004X0000000000017                        000               00                              +0000000000000       2025121800000   00000                                                  000001a7aa89e0000017                                                                          
 0420260418000000000180004X0000000000018                        000               00                              +0000000000000       2025121800000   00000                                                  000001a7aa89e0000018                                                                          
 0420260418000000000190004X0000000000019                        000               00                              +0000000000000       2025121800000   00000                                                  000001a7aa89e0000019                                                                          
 0420260418000000000200004X0000000000020                        000               00                              +0000000000000       2025121800000   00000                                                  000001a7aa89e0000020                                                                          
 0420260418000000000210004X0000000000021                        000               00                              +0000000000000       2025121800000   00000                                                  000001a7aa89e0000021                                                                          
 0420260418000000000220004X0000000000022                        000               00                              +0000000000000       2025121800000   00000                                                  000001a7aa89e0000022                                                                          
 0420260418000000000230004X0000000000023                        000               00                              +0000000000000       2025121800000   00000                                                  000001a7aa89e0000023                                                                          
 0420260418000000000240004X0000000000024                        000               00                              +0000000000000       2025121800000   00000                                                  000001a7aa89e0000024                                                                          
 0420260418000000000250004X0000000000025                        000               00                              +0000000000000       2025121800000   00000                                                  000001a7aa89e0000025                                                                          
 0420260418000000000260004X0000000000026                        000               00                              +0000000000000       2025121800000   00000                                                  000001a7aa89e0000026                                                                          
 0420260418000000000270004X0000000000027                        000               00                              +0000000000000       2025121800000   00000                                                  000001a7aa89e0000027                                                                          
 0420260418000000000280004X0000000000028                        000               00                              +0000000000000       2025121800000   00000                                                  000001a7aa89e0000028                                                                          
 0420260418000000000290004X0000000000029                        000               00                              +0000000000000       2025121800000   00000                                                  000001a7aa89e0000029                                                                          
 0420260418000000000300004X0000000000030                        000               00                              +0000000000000       2025121800000   00000                                                  000001a7aa89e0000030                                                                          
 0420260418000000000310004X0000000000031                        000               00                              +0000000000000       2025121800000   00000                                                  000001a7aa89e0000031                                                                          
 0420260418000000000320004X0000000000032                        000               00                              +0000000000000       2025121800000   00000                                                  000001a7aa89e0000032                                                                          
 0420260418000000000330004X0000000000033                        000               00                              +0000000000000       2025121800000   00000                                                  000001a7aa89e0000033                                                                          
 0420260418000000000340004X0000000000034                        000               00                              +0000000000000       2025121800000   00000                                                  000001a7aa89e0000034                                                                          
 0420260418000000000350004X0000000000035                        000               00                              +0000000000000       2025121800000   00000                                                  000001a7aa89e0000035                                                                          
 0420260418000000000360004X0000000000036                        000               00                              +0000000000000       2025121800000   00000                                                  000001a7aa89e0000036                                                                          
 0420260418000000000370004X0000000000037                        000               00                              +0000000000000       2025121800000   00000                                                  000001a7aa89e0000037                                                                          
 0420260418000000000380004X0000000000038                        000               00                              +0000000000000       2025121800000   00000                                                  000001a7aa89e0000038                                                                          
 0420260418000000000390004X0000000000039                        000               00                              +0000000000000       2025121800000   00000                                                  000001a7aa89e0000039                                                                          
 0420260418000000000400004X0000000000040                        000               00                              +0000000000000       2025121800000   00000                                                  000001a7aa89e0000040                                                                          
 0420260418000000000410004X0000000000041                        000               00                              +0000000000000       2025121800000   00000                                                  000001a7aa89e0000041                                                                          
 0420260418000000000420004X0000000000042                        000               00                              +0000000000000       2025121800000   00000                                                  000001a7aa89e0000042                                                                          
 0420260418000000000430004X0000000000043                        000               00                              +0000000000000       2025121800000   00000                                                  000001a7aa89e0000043                                                                          
 0420260418000000000440004X0000000000044                        000               00                              +0000000000000       2025121800000   00000                                                  000001a7aa89e0000044                                                                          
 0420260418000000000450004X0000000000045                        000               00                              +0000000000000       2025121800000   00000                                                  000001a7aa89e0000045                                                                          
 0420260418000000000460004X0000000000046                        000               00                              +0000000000000       2025121800000   00000                                                  000001a7aa89e0000046                                                                          
 0420260418000000000470004X0000000000047                        000               00                              +0000000000000       2025121800000   00000                                                  000001a7aa89e0000047                                                                          
 0420260418000000000480004X0000000000048                        000               00                              +0000000000000       2025121800000   00000                                                  000001a7aa89e0000048                                                                          
 0420260418000000000490004X0000000000049                        000               00                              +0000000000000       2025121800000   00000                                                  000001a7aa89e0000049                                                                          
 0420260418000000000500004X0000000000050                        000               00                              +0000000000000       2025121800000   00000                                                  000001a7aa89e0000050                                                                          